1 0.178182 0.689575 0.207273 0.042350
1 0.829669 0.077200 0.228760 0.042300
1 0.845826 0.687125 0.223388 0.043950
1 0.202438 0.073950 0.218099 0.039100
1 0.837727 0.476225 0.201901 0.055350
0 0.508264 0.274925 0.226116 0.058650
0 0.507975 0.477050 0.220744 0.057000
0 0.506612 0.683875 0.207273 0.057050
0 0.506653 0.886650 0.218099 0.045600
0 0.509339 0.080450 0.218017 0.055400
1 0.162066 0.281600 0.207273 0.057000
1 0.179545 0.489250 0.204545 0.058600
1 0.175537 0.890700 0.234215 0.040700
1 0.844463 0.884200 0.226116 0.044000
1 0.843264 0.277550 0.250661 0.045600
