1 0.495579 0.279150 0.200083 0.049500
1 0.505785 0.469975 0.202975 0.054750
1 0.510207 0.672275 0.214628 0.056550
1 0.502893 0.874100 0.220496 0.053900
1 0.501405 0.072875 0.211736 0.045050
0 0.835041 0.068900 0.213223 0.047700
0 0.844545 0.275175 0.217521 0.055650
0 0.829959 0.469975 0.208843 0.051250
0 0.842355 0.682875 0.216116 0.056550
0 0.846736 0.878100 0.219091 0.044200
0 0.172149 0.882050 0.204463 0.059200
0 0.175083 0.682850 0.221901 0.053000
0 0.172149 0.475700 0.204463 0.052100
0 0.161942 0.281375 0.216116 0.039750
1 0.200620 0.071100 0.229174 0.043300
